## 概要
`select`を使う時にいろいろできる

## いろいろ

### `order by`
数値の少ない順に並べる。

```
mysql> select * from users order by score ;
+----+------------+-------------------------+--------+-------+---------------------+
| id | name       | email                   | team   | score | created             |
+----+------------+-------------------------+--------+-------+---------------------+
|  3 | dotinstall | dotinstall@hogehoge.com | red    |   2.3 | 2012-06-21 13:00:00 |
|  6 | tanaka     | tanaka@hogehoge.jp      | blue   |   4.2 | 2012-06-29 16:00:00 |
|  4 | sasaki     | sasaki@hogehoge.jp      | blue   |   4.5 | 2012-06-25 14:00:00 |
|  1 | taguchi    | taguchi@hogehoge.com    | blue   |   5.5 | 2012-05-11 11:00:00 |
|  5 | kimura     |                         | yellow |   7.4 | 2012-06-28 15:00:00 |
|  2 | fkoji      | fkoji@hogehoge.com      | yellow |   8.2 | 2012-06-21 12:00:00 |
+----+------------+-------------------------+--------+-------+---------------------+
6 rows in set (0.00 sec)
```


### `desc`
逆順にする。`order by`と組み合わせるとこんな感じ。

```
mysql> select * from users order by score desc;
+----+------------+-------------------------+--------+-------+---------------------+
| id | name       | email                   | team   | score | created             |
+----+------------+-------------------------+--------+-------+---------------------+
|  2 | fkoji      | fkoji@hogehoge.com      | yellow |   8.2 | 2012-06-21 12:00:00 |
|  5 | kimura     |                         | yellow |   7.4 | 2012-06-28 15:00:00 |
|  1 | taguchi    | taguchi@hogehoge.com    | blue   |   5.5 | 2012-05-11 11:00:00 |
|  4 | sasaki     | sasaki@hogehoge.jp      | blue   |   4.5 | 2012-06-25 14:00:00 |
|  6 | tanaka     | tanaka@hogehoge.jp      | blue   |   4.2 | 2012-06-29 16:00:00 |
|  3 | dotinstall | dotinstall@hogehoge.com | red    |   2.3 | 2012-06-21 13:00:00 |
+----+------------+-------------------------+--------+-------+---------------------+
6 rows in set (0.00 sec)
```

もちろんアルファベット逆順とかもできる。

```
mysql> select * from users order by name desc;
+----+------------+-------------------------+--------+-------+---------------------+
| id | name       | email                   | team   | score | created             |
+----+------------+-------------------------+--------+-------+---------------------+
|  6 | tanaka     | tanaka@hogehoge.jp      | blue   |   4.2 | 2012-06-29 16:00:00 |
|  1 | taguchi    | taguchi@hogehoge.com    | blue   |   5.5 | 2012-05-11 11:00:00 |
|  4 | sasaki     | sasaki@hogehoge.jp      | blue   |   4.5 | 2012-06-25 14:00:00 |
|  5 | kimura     |                         | yellow |   7.4 | 2012-06-28 15:00:00 |
|  2 | fkoji      | fkoji@hogehoge.com      | yellow |   8.2 | 2012-06-21 12:00:00 |
|  3 | dotinstall | dotinstall@hogehoge.com | red    |   2.3 | 2012-06-21 13:00:00 |
+----+------------+-------------------------+--------+-------+---------------------+
6 rows in set (0.00 sec)
```


### `limit`
表示する件数に制限をつける。

上から3つまで表示。

```
mysql> select * from users limit 3;
+----+------------+-------------------------+--------+-------+---------------------+
| id | name       | email                   | team   | score | created             |
+----+------------+-------------------------+--------+-------+---------------------+
|  1 | taguchi    | taguchi@hogehoge.com    | blue   |   5.5 | 2012-05-11 11:00:00 |
|  2 | fkoji      | fkoji@hogehoge.com      | yellow |   8.2 | 2012-06-21 12:00:00 |
|  3 | dotinstall | dotinstall@hogehoge.com | red    |   2.3 | 2012-06-21 13:00:00 |
+----+------------+-------------------------+--------+-------+---------------------+
3 rows in set (0.00 sec)
```

scoreを高い方から並べ替えて3つ表示(上位3件)

```
mysql> select * from users order by score desc limit 3;
+----+---------+----------------------+--------+-------+---------------------+
| id | name    | email                | team   | score | created             |
+----+---------+----------------------+--------+-------+---------------------+
|  2 | fkoji   | fkoji@hogehoge.com   | yellow |   8.2 | 2012-06-21 12:00:00 |
|  5 | kimura  |                      | yellow |   7.4 | 2012-06-28 15:00:00 |
|  1 | taguchi | taguchi@hogehoge.com | blue   |   5.5 | 2012-05-11 11:00:00 |
+----+---------+----------------------+--------+-------+---------------------+
3 rows in set (0.00 sec)
```
